[INFO] [1761284208.815490209] [tf2_echo]: Waiting for transform turtle2 ->  turtle1: Invalid frame ID "turtle2" passed to canTransform argument target_frame - frame does not exist
At time 1761284209.797115446
- Translation: [0.000, 0.000, 0.000]
- Rotation: in Quaternion [0.000, 0.000, 0.702, 0.712]
- Rotation: in RPY (radian) [0.000, -0.000, 1.556]
- Rotation: in RPY (degree) [0.000, -0.000, 89.151]
- Matrix:
  0.015 -1.000  0.000  0.000
  1.000  0.015  0.000  0.000
  0.000  0.000  1.000  0.000
  0.000  0.000  0.000  1.000
At time 1761284210.805322603
- Translation: [0.000, 0.000, 0.000]
- Rotation: in Quaternion [0.000, 0.000, 0.702, 0.712]
- Rotation: in RPY (radian) [0.000, -0.000, 1.556]
- Rotation: in RPY (degree) [0.000, -0.000, 89.151]
- Matrix:
  0.015 -1.000  0.000  0.000
  1.000  0.015  0.000  0.000
  0.000  0.000  1.000  0.000
  0.000  0.000  0.000  1.000
At time 1761284211.797769630
- Translation: [0.000, 0.000, 0.000]
- Rotation: in Quaternion [0.000, 0.000, 0.702, 0.712]
- Rotation: in RPY (radian) [0.000, -0.000, 1.556]
- Rotation: in RPY (degree) [0.000, -0.000, 89.151]
- Matrix:
  0.015 -1.000  0.000  0.000
  1.000  0.015  0.000  0.000
  0.000  0.000  1.000  0.000
  0.000  0.000  0.000  1.000
At time 1761284212.804679154
- Translation: [0.000, 0.000, 0.000]
- Rotation: in Quaternion [0.000, 0.000, 0.702, 0.712]
- Rotation: in RPY (radian) [0.000, -0.000, 1.556]
- Rotation: in RPY (degree) [0.000, -0.000, 89.151]
- Matrix:
  0.015 -1.000  0.000  0.000
  1.000  0.015  0.000  0.000
  0.000  0.000  1.000  0.000
  0.000  0.000  0.000  1.000
At time 1761284213.796662749
- Translation: [0.000, 0.000, 0.000]
- Rotation: in Quaternion [0.000, 0.000, 0.702, 0.712]
- Rotation: in RPY (radian) [0.000, -0.000, 1.556]
- Rotation: in RPY (degree) [0.000, -0.000, 89.151]
- Matrix:
  0.015 -1.000  0.000  0.000
  1.000  0.015  0.000  0.000
  0.000  0.000  1.000  0.000
  0.000  0.000  0.000  1.000
At time 1761284214.805034362
- Translation: [0.000, 0.000, 0.000]
- Rotation: in Quaternion [0.000, 0.000, 0.702, 0.712]
- Rotation: in RPY (radian) [0.000, -0.000, 1.556]
- Rotation: in RPY (degree) [0.000, -0.000, 89.151]
- Matrix:
  0.015 -1.000  0.000  0.000
  1.000  0.015  0.000  0.000
  0.000  0.000  1.000  0.000
  0.000  0.000  0.000  1.000
At time 1761284215.796921864
- Translation: [0.011, 0.736, 0.000]
- Rotation: in Quaternion [0.000, 0.000, 0.825, 0.565]
- Rotation: in RPY (radian) [0.000, -0.000, 1.940]
- Rotation: in RPY (degree) [0.000, -0.000, 111.153]
- Matrix:
 -0.361 -0.933  0.000  0.011
  0.933 -0.361  0.000  0.736
  0.000  0.000  1.000  0.000
  0.000  0.000  0.000  1.000
At time 1761284216.804460192
- Translation: [0.504, 0.361, 0.000]
- Rotation: in Quaternion [0.000, 0.000, 0.470, 0.882]
- Rotation: in RPY (radian) [0.000, -0.000, 0.980]
- Rotation: in RPY (degree) [0.000, -0.000, 56.128]
- Matrix:
  0.557 -0.830  0.000  0.504
  0.830  0.557  0.000  0.361
  0.000  0.000  1.000  0.000
  0.000  0.000  0.000  1.000
At time 1761284217.797679016
- Translation: [0.900, 0.272, 0.000]
- Rotation: in Quaternion [0.000, 0.000, 0.018, 1.000]
- Rotation: in RPY (radian) [0.000, -0.000, 0.037]
- Rotation: in RPY (degree) [0.000, -0.000, 2.100]
- Matrix:
  0.999 -0.037  0.000  0.900
  0.037  0.999  0.000  0.272
  0.000  0.000  1.000  0.000
  0.000  0.000  0.000  1.000
At time 1761284218.804136712
- Translation: [1.612, 0.372, 0.000]
- Rotation: in Quaternion [0.000, 0.000, 0.306, 0.952]
- Rotation: in RPY (radian) [0.000, -0.000, 0.622]
- Rotation: in RPY (degree) [0.000, -0.000, 35.612]
- Matrix:
  0.813 -0.582  0.000  1.612
  0.582  0.813  0.000  0.372
  0.000  0.000  1.000  0.000
  0.000  0.000  0.000  1.000
At time 1761284219.797416682
- Translation: [1.864, 1.008, 0.000]
- Rotation: in Quaternion [0.000, 0.000, 0.518, 0.855]
- Rotation: in RPY (radian) [0.000, -0.000, 1.089]
- Rotation: in RPY (degree) [0.000, -0.000, 62.416]
- Matrix:
  0.463 -0.886  0.000  1.864
  0.886  0.463  0.000  1.008
  0.000  0.000  1.000  0.000
  0.000  0.000  0.000  1.000
At time 1761284220.804984673
- Translation: [1.496, 1.063, 0.000]
- Rotation: in Quaternion [0.000, 0.000, 0.717, 0.697]
- Rotation: in RPY (radian) [0.000, -0.000, 1.600]
- Rotation: in RPY (degree) [0.000, -0.000, 91.647]
- Matrix:
 -0.029 -1.000  0.000  1.496
  1.000 -0.029  0.000  1.063
  0.000  0.000  1.000  0.000
  0.000  0.000  0.000  1.000
At time 1761284221.796983310
- Translation: [1.657, 1.835, 0.000]
- Rotation: in Quaternion [0.000, 0.000, 0.592, 0.806]
- Rotation: in RPY (radian) [0.000, -0.000, 1.267]
- Rotation: in RPY (degree) [0.000, -0.000, 72.599]
- Matrix:
  0.299 -0.954  0.000  1.657
  0.954  0.299  0.000  1.835
  0.000  0.000  1.000  0.000
  0.000  0.000  0.000  1.000
At time 1761284222.805503778
- Translation: [2.113, 1.576, 0.000]
- Rotation: in Quaternion [0.000, 0.000, 0.592, 0.806]
- Rotation: in RPY (radian) [0.000, -0.000, 1.268]
- Rotation: in RPY (degree) [0.000, -0.000, 72.625]
- Matrix:
  0.299 -0.954  0.000  2.113
  0.954  0.299  0.000  1.576
  0.000  0.000  1.000  0.000
  0.000  0.000  0.000  1.000
At time 1761284223.796790163
- Translation: [1.896, 1.626, 0.000]
- Rotation: in Quaternion [0.000, 0.000, 0.598, 0.802]
- Rotation: in RPY (radian) [0.000, -0.000, 1.281]
- Rotation: in RPY (degree) [0.000, -0.000, 73.399]
- Matrix:
  0.286 -0.958  0.000  1.896
  0.958  0.286  0.000  1.626
  0.000  0.000  1.000  0.000
  0.000  0.000  0.000  1.000
At time 1761284224.804819915
- Translation: [2.023, 0.901, 0.000]
- Rotation: in Quaternion [0.000, 0.000, 0.279, 0.960]
- Rotation: in RPY (radian) [0.000, -0.000, 0.566]
- Rotation: in RPY (degree) [0.000, -0.000, 32.413]
- Matrix:
  0.844 -0.536  0.000  2.023
  0.536  0.844  0.000  0.901
  0.000  0.000  1.000  0.000
  0.000  0.000  0.000  1.000
At time 1761284225.796479776
- Translation: [1.184, 0.231, 0.000]
- Rotation: in Quaternion [0.000, 0.000, 0.083, 0.997]
- Rotation: in RPY (radian) [0.000, -0.000, 0.167]
- Rotation: in RPY (degree) [0.000, -0.000, 9.559]
- Matrix:
  0.986 -0.166  0.000  1.184
  0.166  0.986  0.000  0.231
  0.000  0.000  1.000  0.000
  0.000  0.000  0.000  1.000
At time 1761284226.805059277
- Translation: [0.605, 0.056, 0.000]
- Rotation: in Quaternion [0.000, 0.000, -0.013, 1.000]
- Rotation: in RPY (radian) [0.000, 0.000, -0.026]
- Rotation: in RPY (degree) [0.000, 0.000, -1.511]
- Matrix:
  1.000  0.026  0.000  0.605
 -0.026  1.000 -0.000  0.056
 -0.000  0.000  1.000  0.000
  0.000  0.000  0.000  1.000
At time 1761284227.796661501
- Translation: [0.306, 0.014, 0.000]
- Rotation: in Quaternion [0.000, 0.000, -0.059, 0.998]
- Rotation: in RPY (radian) [0.000, 0.000, -0.118]
- Rotation: in RPY (degree) [0.000, 0.000, -6.775]
- Matrix:
  0.993  0.118  0.000  0.306
 -0.118  0.993 -0.000  0.014
 -0.000  0.000  1.000  0.000
  0.000  0.000  0.000  1.000
At time 1761284228.805317330
- Translation: [0.152, 0.003, 0.000]
- Rotation: in Quaternion [0.000, 0.000, -0.082, 0.997]
- Rotation: in RPY (radian) [0.000, 0.000, -0.164]
- Rotation: in RPY (degree) [0.000, 0.000, -9.401]
- Matrix:
  0.987  0.163  0.000  0.152
 -0.163  0.987 -0.000  0.003
 -0.000  0.000  1.000  0.000
  0.000  0.000  0.000  1.000
